5 4
1 3 1 3 1
1 1 5 1 5
1 1 3 3 5
2 3 4
1 1 3 3 5


False True
[0, 7, 3, 10, 9, 5, 1, 3, 3, 2, 9]
9 9
8 10

10 1
7 3 10 9 5 1 3 3 2 9
1 9 9 8 10

9 is 2
8 to 10 is 3, 2, 9

[0, 2, 8, 10, 2, 8, 7, 10, 3, 5, 10]
8 9
9 10

10 1
2 8 10 2 8 7 10 2 5 10
1 8 9 9 10


False True
[0, 6, 2, 7, 3, 3, 8, 7, 1, 7, 6]
7 9
7 8

10 1
6 2 7

False True
[0, 9, 1, 8, 1, 8, 3, 10, 6, 6, 10]
8 9
7 9


False True
10 1
3 7 8 7 7 3 3 7 10 8
1 8 10 8 9

True False
10 1
3 7 8 7 7 3 3 7 10 8
1 1 1 6 6

False True
10 1
3 5 3 4 6 5 5 10 3 9
1 8 9 7 7

10 1
10 5 8 6 2 10 10 10 8 6
1 6 7 7 8

10 1
2 1 6 6 8 6 8 2 6 3
1 7 7 5 5



